14362 14396
14837 14986
15315 15502
21026 21211
40118 40147
41580 41744
74001 74339
210812 210854
214126 215339
239827 239850
246723 246926
255005 255163
255907 256167
270410 270571
272492 272884
273514 273675
274392 274650
278105 278371
284700 284918
286553 286709
286904 287044
289936 290166
292444 292524
293831 294012
297043 297152
298359 298524
310710 310846
310942 311176
377667 377705
403182 403245
408049 408100
413827 413890
419232 419438
421318 421397
425288 425366
427124 427195
431115 431177
432782 432919
468400 468746
470140 470208
471478 471778
474208 474344
530057 530069
535663 535684
